,TTA(Leu)_1,TTG(Leu)_1,CTT(Leu)_1,CTC(Leu)_1,CTA(Leu)_1,CTG(Leu)_1,TCT(Ser)_1,TCC(Ser)_1,TCA(Ser)_1,TCG(Ser)_1,AGT(Ser)_1,AGC(Ser)_1,CGT(Arg)_1,CGC(Arg)_1,CGA(Arg)_1,CGG(Arg)_1,AGA(Arg)_1,AGG(Arg)_1,GTT(Val)_1,GTC(Val)_1,GTA(Val)_1,GTG(Val)_1,CCT(Pro)_1,CCC(Pro)_1,CCA(Pro)_1,CCG(Pro)_1,ACT(Thr)_1,ACC(Thr)_1,ACA(Thr)_1,ACG(Thr)_1,GCT(Ala)_1,GCC(Ala)_1,GCA(Ala)_1,GCG(Ala)_1,GGT(Gly)_1,GGC(Gly)_1,GGA(Gly)_1,GGG(Gly)_1,ATT(Ile)_1,ATC(Ile)_1,ATA(Ile)_1,TTT(Phe)_1,TTC(Phe)_1,TAT(Tyr)_1,TAC(Tyr)_1,CAT(His)_1,CAC(His)_1,CAA(Gln)_1,CAG(Gln)_1,AAT(Asn)_1,AAC(Asn)_1,AAA(Lys)_1,AAG(Lys)_1,GAT(Asp)_1,GAC(Asp)_1,GAA(Glu)_1,GAG(Glu)_1,TGT(Cys)_1,TGC(Cys)_1,TTA(Leu)_2,TTG(Leu)_2,CTT(Leu)_2,CTC(Leu)_2,CTA(Leu)_2,CTG(Leu)_2,TCT(Ser)_2,TCC(Ser)_2,TCA(Ser)_2,TCG(Ser)_2,AGT(Ser)_2,AGC(Ser)_2,CGT(Arg)_2,CGC(Arg)_2,CGA(Arg)_2,CGG(Arg)_2,AGA(Arg)_2,AGG(Arg)_2,GTT(Val)_2,GTC(Val)_2,GTA(Val)_2,GTG(Val)_2,CCT(Pro)_2,CCC(Pro)_2,CCA(Pro)_2,CCG(Pro)_2,ACT(Thr)_2,ACC(Thr)_2,ACA(Thr)_2,ACG(Thr)_2,GCT(Ala)_2,GCC(Ala)_2,GCA(Ala)_2,GCG(Ala)_2,GGT(Gly)_2,GGC(Gly)_2,GGA(Gly)_2,GGG(Gly)_2,ATT(Ile)_2,ATC(Ile)_2,ATA(Ile)_2,TTT(Phe)_2,TTC(Phe)_2,TAT(Tyr)_2,TAC(Tyr)_2,CAT(His)_2,CAC(His)_2,CAA(Gln)_2,CAG(Gln)_2,AAT(Asn)_2,AAC(Asn)_2,AAA(Lys)_2,AAG(Lys)_2,GAT(Asp)_2,GAC(Asp)_2,GAA(Glu)_2,GAG(Glu)_2,TGT(Cys)_2,TGC(Cys)_2
TTA(Leu)_1,1.0,0.7835356621708733,-0.4944918096849252,-0.4944918096849251,-0.8138381858243279,-0.7001369993259035,0.128185977986578,0.12818597798657796,0.20084834852455796,-0.15390784192304036,-0.14407869391488137,-0.14185310145035415,0.5109720200045403,0.5109720200045399,0.21814468689437755,-0.2571216139847484,-0.20522684936781488,-0.33265350831034285,0.3777687929541606,0.3777687929541618,-0.6343781632747306,-0.20734883533433326,0.49656964142322246,0.49656964142322174,0.11362530627420767,-0.5457999628308801,0.3533601630302904,0.35336016303029255,-0.37201520881348465,-0.3303532731596805,-0.6792063085201542,-0.6792063085201541,0.8603036284369061,0.5868836936265068,-0.057363654647872964,-0.057363654647872554,0.03157558918673234,0.07315036228962747,-0.4558318180422083,-0.45583181804226347,0.45583181804218786,-0.05765053799631685,0.057650537996311396,0.09881155709967061,-0.09881155709967411,-0.006365354509855506,0.006365354509856569,-0.2164730089840947,0.21647300898409258,0.08767813661352523,-0.08767813661350471,-0.5401874360068479,0.5401874360068508,0.23141134732612217,-0.23141134732611637,0.25417129390524545,-0.2541712939052466,-0.19222373082696145,0.1922237308269503,-0.2085938923887147,-0.0578364182267629,0.20986141616156376,-0.13801231094741603,-0.2024619790993185,0.2294042226928408,0.17789056957514554,0.1921515967187843,0.6305495122805902,-0.6127457383656167,0.1406140785571466,-0.18189194340468176,-0.28542838834336515,-0.132806555074944,-0.27456786294053065,0.058115898753335234,-0.04439876278742235,0.3576438490131024,0.20764754345245912,-0.49295453848784854,-0.11874181127881983,0.2002706622273415,0.2061878022994889,0.04753061790018844,0.645008257832948,-0.6510623818625241,0.2844516734394725,0.01542347940072009,0.3414963596187892,-0.7571575207368163,0.11144018423697848,-0.056639665115447144,0.26611630670637343,-0.5487022833542774,-0.14034516657194826,-0.09142887975894454,0.013256835186850027,0.1646976313216427,0.17009848840958106,-0.13188004374671247,-0.07098269860444235,0.09997311885835997,-0.09997311885836549,0.3573789664582107,-0.35737896645821005,0.38439757469874747,-0.3843975746987476,-0.5503368888136461,0.5503368888136523,0.256696582778563,-0.2566965827785631,-0.3236375562179469,0.3236375562179383,0.4691242032552768,-0.46912420325527787,-0.08526432676827428,0.08526432676826785,0.008475126498944005,-0.008475126498947418
TTG(Leu)_1,0.7835356621708733,1.0,-0.7711617555996839,-0.7711617555996841,-0.7049095380390731,-0.4464457110002809,0.23749852999602442,0.23749852999602422,-0.10301675827899356,-0.08197905651874118,-0.249414149025514,-0.24991353786458192,0.15768388601618125,0.1576838860161802,-0.02314692880872715,-0.3837060058251899,0.05329833319194683,-0.008286695436384186,0.38578756204279413,0.385787562042795,-0.7367049536070989,-0.17912217092626612,0.5360497675227172,0.5360497675227159,-0.102868956425551,-0.4961282591205466,0.06230043333942559,0.06230043333942779,-0.007858189691762694,-0.09370661177884505,-0.7252372619167423,-0.725237261916742,0.887142239878339,0.6384655818982651,0.10172218966571339,0.10172218966571309,-0.134397772003301,-0.07659084029620492,-0.04038400345066388,-0.04038400345070587,0.04038400345071218,0.20014235018271057,-0.20014235018271617,0.38021401862979315,-0.3802140186297892,0.12928347250653718,-0.12928347250654157,-0.10644900262993211,0.10644900262993087,0.4271933449261396,-0.42719334492612604,-0.1587974068863644,0.1587974068863665,0.24301012785297374,-0.24301012785298093,0.18021692206173098,-0.18021692206173087,-0.01146577882329544,0.0114657788232927,-0.08335896514250139,0.3212966309200565,0.025711675438590095,-0.5288105533153853,-0.6443268474112303,0.6440423441029807,-0.029127564587050223,0.13906460922100414,0.8061752470861482,-0.7441305595715436,0.45183739941724504,0.19181875838097998,-0.44523598670926623,0.02219911469144439,-0.07919943053373577,0.04903249783694007,-0.2007707378146701,0.5126475477549511,0.00879080515830522,-0.7156831283377031,0.22718473652798438,0.3024191707633482,0.1443223210858869,0.20285084345913676,0.8215331777815369,-0.8601646585874546,0.23083708622433974,-0.11365754133256166,0.5606956708826445,-0.8302621731524514,-0.10079468170801005,-0.033862496256087664,0.6304644776234476,-0.8189391753729794,-0.42742035902861253,0.2841885871937498,-0.0764082404986506,0.19593717500419602,0.650224253948834,-0.6133783353081256,0.2777202824183121,0.5808661481202433,-0.5808661481202477,0.7646823641605204,-0.7646823641605197,0.5518197003562109,-0.5518197003562113,-0.8264746690112471,0.8264746690112484,0.7229297594043829,-0.7229297594043825,-0.27122887211037483,0.27122887211037444,0.540522206646049,-0.5405222066460494,0.2604364630880079,-0.26043646308801094,-0.25923098545286777,0.25923098545286616
CTT(Leu)_1,-0.4944918096849252,-0.7711617555996839,1.0,0.9999999999999999,0.44967859643269015,-0.14771569910457313,0.027079826937139704,0.02707982693714036,0.3855121774508382,-0.2848919220325501,0.03216418717066237,0.037227452740368885,-0.36164584878503914,-0.3616458487850383,-0.37312613275798967,-0.17163677143351294,0.3754114409300048,0.3060607643235513,0.09549070390654645,0.09549070390654552,0.5905825575859884,-0.3281419152295404,-0.22300636144185845,-0.2230063614418575,0.5162809516303261,0.011010800779232043,-0.2875666606416201,-0.28756666064162123,0.24539738153865157,0.30407232451113453,0.5791189131856135,0.5791189131856131,-0.6391955412063745,-0.5358008159085605,-0.4033286104165104,-0.40332861041651,0.47627476666932606,0.34204225244532094,-0.21766939035239774,-0.2176693903522383,0.21766939035226027,-0.3688806208630098,0.36888062086301293,-0.5264563387156015,0.5264563387155983,-0.4751515575740412,0.47515155757404093,-0.314876183405826,0.31487618340582735,-0.3109451281235437,0.3109451281235286,0.04790829999788327,-0.04790829999788434,-0.2819648233913051,0.281964823391329,0.3444036101899019,-0.3444036101899014,-0.20473180445577074,0.20473180445576863,0.22887900719243176,-0.5497761334254221,0.463507743187415,0.3570845330044678,0.6965929991036578,-0.7095348419545531,0.4148025036914855,-0.17744490526939438,-0.3553906983464093,0.23495686904307944,-0.12712297186576735,-0.5352352438195424,0.5516247526688101,-0.39417007941399895,-0.4705708579237006,-0.5120908551572037,0.5544855490576291,-0.42219583215459855,0.5486519669859157,0.47942086178333165,-0.14963850367053141,-0.7490690642388158,0.36039620463346395,-0.5285550301632393,-0.42946055510552195,0.4587269692939934,0.36757760434206715,-0.11947827824597729,-0.45364680523998807,0.36516302518408594,0.6298912291504354,-0.34125333008072983,-0.6607199252739578,0.42762867873235066,0.753600901682473,-0.6665127217254004,0.3775961989675243,-0.4756053047617805,-0.6479776294816934,0.5933143136923531,-0.18657479034528435,-0.4543933818854886,0.4543933818854904,-0.6015394385232021,0.6015394385232022,-0.17653435284675467,0.1765343528467537,0.6531827702221592,-0.6531827702221595,-0.6651569673007767,0.665156967300777,0.4489061621574399,-0.4489061621574448,-0.07625714872177412,0.0762571487217772,-0.03819657421477605,0.03819657421477237,0.5855453441693402,-0.5855453441693406
CTC(Leu)_1,-0.4944918096849251,-0.7711617555996841,0.9999999999999999,1.0,0.44967859643269004,-0.1477156991045731,0.027079826937139537,0.02707982693714017,0.38551217745083827,-0.28489192203255,0.03216418717066238,0.03722745274036893,-0.36164584878503897,-0.361645848785038,-0.3731261327579895,-0.17163677143351275,0.37541144093000456,0.30606076432355095,0.09549070390654649,0.09549070390654556,0.5905825575859884,-0.32814191522954045,-0.2230063614418588,-0.2230063614418578,0.5162809516303262,0.011010800779232291,-0.28756666064161973,-0.28756666064162084,0.24539738153865123,0.30407232451113425,0.5791189131856135,0.5791189131856131,-0.6391955412063743,-0.5358008159085607,-0.4033286104165107,-0.40332861041651025,0.4762747666693261,0.342042252445321,-0.21766939035239777,-0.21766939035223845,0.2176693903522602,-0.36888062086301016,0.3688806208630132,-0.5264563387156016,0.5264563387155984,-0.47515155757404104,0.47515155757404076,-0.3148761834058256,0.3148761834058269,-0.31094512812354363,0.3109451281235285,0.047908299997882944,-0.04790829999788393,-0.2819648233913051,0.28196482339132906,0.34440361018990195,-0.3444036101899014,-0.2047318044557709,0.20473180445576872,0.2288790071924317,-0.5497761334254223,0.46350774318741533,0.3570845330044681,0.6965929991036581,-0.7095348419545533,0.41480250369148575,-0.17744490526939427,-0.35539069834640946,0.2349568690430796,-0.12712297186576768,-0.5352352438195427,0.55162475266881,-0.3941700794139989,-0.4705708579237007,-0.5120908551572038,0.554485549057629,-0.4221958321545987,0.5486519669859158,0.4794208617833319,-0.14963850367053166,-0.7490690642388159,0.3603962046334639,-0.5285550301632393,-0.42946055510552206,0.4587269692939937,0.3675776043420672,-0.11947827824597715,-0.45364680523998835,0.36516302518408605,0.6298912291504354,-0.3412533300807299,-0.6607199252739581,0.42762867873235094,0.753600901682473,-0.6665127217254007,0.37759619896752417,-0.4756053047617803,-0.6479776294816937,0.5933143136923534,-0.18657479034528468,-0.45439338188548895,0.45439338188549067,-0.6015394385232025,0.6015394385232025,-0.17653435284675495,0.17653435284675395,0.6531827702221596,-0.6531827702221599,-0.6651569673007769,0.6651569673007773,0.44890616215743984,-0.4489061621574448,-0.07625714872177422,0.07625714872177737,-0.03819657421477624,0.038196574214772606,0.5855453441693403,-0.5855453441693408
CTA(Leu)_1,-0.8138381858243279,-0.7049095380390731,0.44967859643269015,0.44967859643269004,1.0,0.4204758468465801,0.3117944967441217,0.3117944967441216,-0.3410960950349122,-0.2845998579163184,-0.12898221407415492,-0.1325917533463484,-0.4720824058494131,-0.472082405849412,-0.022327576730569777,0.22567196952205643,0.0857403132105014,0.33222915248095103,-0.5629216657626226,-0.5629216657626235,0.600832301371827,0.43545704731461643,-0.21918064339450993,-0.21918064339450902,-0.023114961228200854,0.2297529278925354,-0.5252113487696051,-0.525211348769607,0.505230845232769,0.5203210074620388,0.29977888869951763,0.2997788886995174,-0.585380665944169,-0.1818504441625575,0.36189007060969774,0.3618900706096975,-0.2946127259826739,-0.3968346487280364,0.3500388269152887,0.35003882691541177,-0.35003882691531074,0.3835899816170989,-0.38358998161709457,0.1293602834173946,-0.12936028341738628,-0.09207827207293277,0.09207827207293887,0.18818606430557333,-0.18818606430557172,0.056627404577928246,-0.056627404577958604,0.6884869738662964,-0.6884869738662976,0.08276047341114996,-0.08276047341114304,-0.23559062914634366,0.23559062914634463,0.29667242176013126,-0.29667242176011765,0.5734560439488576,-0.09065492528355758,0.03266489681039778,-0.1564934926805736,0.10614636105112782,-0.10123747793062712,0.12229627630308935,-0.5383300517014555,-0.4731087603745074,0.4022618197242726,0.07600405126153702,0.3559823549308504,0.5976274448541916,-0.21103538239881328,0.35897714280279847,-0.2362778419421637,0.2691717031356793,-0.585632345472613,-0.12773243985186916,0.0975949120988781,0.47711584878637325,-0.26769378934846183,0.07013182634637577,-0.3205473643384322,-0.3811306982953891,0.4982385065881963,-0.34400455955632325,-0.4390418268639235,0.1064867119005573,0.7535028788343942,-0.07137743192267736,-0.32165806219187415,0.02958473751329713,0.42868038923253055,0.1547258872520697,-0.09148631832953093,0.3754657455824939,-0.44656963478816447,-0.1900461835517269,0.09350601259345764,0.34989325523731185,0.04319616920024863,-0.04319616920024266,-0.15907070243588864,0.15907070243588795,0.0061416410075950684,-0.0061416410075936356,0.35393131523472554,-0.3539313152347311,-0.19452416256543395,0.19452416256543328,0.6066185811404425,-0.6066185811404387,-0.14103107337248103,0.14103107337248133,0.37121618563892284,-0.3712161856389179,0.25639216112527474,-0.25639216112527363
CTG(Leu)_1,-0.7001369993259035,-0.4464457110002809,-0.14771569910457313,-0.1477156991045731,0.4204758468465801,1.0,-0.5027452496704282,-0.5027452496704287,-0.3477732906988229,0.6529550204975944,0.37873250688835414,0.3733821693063997,2.6794617597402033e-05,2.6794617597296957e-05,0.23087899363040645,0.6541208510054396,-0.30153483579677093,-0.17087879307471013,-0.5272974258454896,-0.5272974258454901,0.319165332367096,0.4973603464551722,-0.5883181521542156,-0.5883181521542152,-0.5569097935215193,0.8209059516482908,0.1745736335764946,0.17457363357649278,-0.15092322340369807,-0.18339632002221148,0.5034486126579797,0.5034486126579798,-0.6148742141022796,-0.44357567536141934,0.22639909729684152,0.22639909729684113,-0.28360151610011064,-0.18098284841208637,0.5245767881348323,0.5245767881346914,-0.5245767881346982,0.09254512468649452,-0.09254512468648989,0.07768591573285578,-0.07768591573285649,0.44472103228494625,-0.4447210322849459,0.5430092327963301,-0.5430092327963293,-0.1508918814676092,0.1508918814676088,0.26330418658788224,-0.2633041865878852,-0.1635873714536772,0.16358737145364918,-0.6523719254131674,0.6523719254131672,0.26776368286715635,-0.26776368286714763,-0.24863429330213027,0.40177462462638563,-0.7284825195286732,0.2841891946983806,-0.041822382673716615,0.028899355498161694,-0.6402920807286527,0.14286705118572912,-0.6892809128275724,0.7805116766470832,-0.42772504012031964,0.4056101923455477,-0.21592144603313523,0.6243532334370615,0.6595250310085948,0.5635080855472197,-0.5029136922209927,-0.05459294192689519,-0.7278174103131682,0.5254217466814672,-0.1543025813047662,0.47795488991674057,-0.7367881087491864,0.4944069846632172,-0.6796871873464723,0.6331710915642448,-0.6990829908333367,0.42000549462339815,-0.37238364482193237,0.685242658823016,-0.6560972609207872,0.598850608430763,-0.10647825019494299,0.5685688549769049,-0.3745620573076859,0.5911499253541667,-0.5257035593442229,0.39494615203428945,0.053445947929936184,-0.017286322777582335,-0.143681331526675,-0.13774635948619965,0.13774635948620398,-0.284231648250638,0.284231648250637,-0.6544726554370327,0.6544726554370336,0.36960251552337414,-0.36960251552337836,-0.06988809992682467,0.06988809992682438,-0.22853144634967731,0.22853144634968892,-0.7611385540092516,0.7611385540092495,-0.2845275480434898,0.28452754804350006,-0.5272138848126022,0.5272138848126066
TCT(Ser)_1,0.128185977986578,0.23749852999602442,0.027079826937139704,0.027079826937139537,0.3117944967441217,-0.5027452496704282,1.0,1.0000000000000002,-0.13580420145986907,-0.8160404383166573,-0.8139269868392781,-0.8141156413465465,-0.32666242294282494,-0.3266624229428245,-0.15676854865915515,-0.4444813690787733,0.2865540625186425,0.4022936570938603,-0.017018052337801265,-0.017018052337801508,-0.06398845766210841,0.0433293659428473,0.4292208691556731,0.4292208691556728,0.35657411671210276,-0.5783882574263132,-0.6677708383158384,-0.6677708383158381,0.6991443952076446,0.6266765386345414,-0.4556604043526558,-0.4556604043526558,0.3328291445250956,0.48540898134300553,0.4986473416159024,0.49864734161590313,-0.413929022129273,-0.5413883030402299,0.060518976561570834,0.06051897656181076,-0.06051897656164787,0.49690615419946094,-0.4969061541994627,0.4065413127164564,-0.40654131271644844,-0.2875721749831652,0.2875721749831718,-0.18745057105825141,0.18745057105825252,0.313143098131558,-0.3131430981315809,0.3893493928940527,-0.3893493928940498,0.1393695386641339,-0.1393695386641079,0.2664808790881111,-0.2664808790881098,-0.027281677527087406,0.027281677527099486,0.9022698729407331,-0.31725433444492473,0.6826703866115936,-0.726400001138806,-0.1858458811152312,0.21023628250740245,0.7183743712022065,-0.8053963832641782,0.5627684789711382,-0.5898005910136763,0.5958793229982731,0.2137449350287883,0.6428646174470417,-0.8214232596500051,0.03475488442975841,-0.7322736244477962,0.6717095911147475,-0.43564425631181347,0.43462382054212667,-0.7721290001907881,0.8111062542900767,-0.4820671867232685,0.7965646546852994,-0.7121719120611465,0.6684445189136781,-0.4603663162318044,0.29385931919650926,-0.9637010691013986,0.8334340094830147,-0.2044059596725303,0.3858933320084825,-0.9152548518144622,0.5300819382233997,-0.46034188493991907,0.2628525022362086,-0.4337334535532084,0.867848947034191,-0.7891661680763665,0.12438835635334779,-0.23530019760078497,0.6459701446635556,0.5063160690297726,-0.5063160690297718,0.5566146806009822,-0.5566146806009823,0.88469037592619,-0.8846903759261894,-0.3432699644362532,0.34326996443625024,0.2879120823704489,-0.2879120823704491,0.7809822128918135,-0.7809822128918155,0.8425640065308573,-0.842564006530859,0.8467849156902754,-0.846784915690281,0.6124438817426479,-0.6124438817426492
TCC(Ser)_1,0.12818597798657796,0.23749852999602422,0.02707982693714036,0.02707982693714017,0.3117944967441216,-0.5027452496704287,1.0000000000000002,1.0,-0.13580420145986843,-0.8160404383166573,-0.8139269868392783,-0.8141156413465463,-0.3266624229428251,-0.32666242294282455,-0.15676854865915552,-0.4444813690787738,0.2865540625186429,0.40229365709386045,-0.017018052337800682,-0.017018052337800828,-0.06398845766210835,0.04332936594284657,0.42922086915567287,0.4292208691556724,0.35657411671210343,-0.5783882574263133,-0.6677708383158385,-0.6677708383158381,0.6991443952076447,0.6266765386345414,-0.4556604043526554,-0.45566040435265553,0.33282914452509543,0.48540898134300514,0.49864734161590185,0.4986473416159025,-0.41392902212927224,-0.5413883030402293,0.06051897656157075,0.06051897656181076,-0.06051897656164775,0.4969061541994602,-0.4969061541994621,0.4065413127164559,-0.40654131271644806,-0.28757217498316573,0.28757217498317245,-0.18745057105825177,0.18745057105825289,0.3131430981315579,-0.31314309813158087,0.3893493928940521,-0.38934939289404935,0.13936953866413354,-0.1393695386641075,0.26648087908811174,-0.2664808790881104,-0.02728167752708759,0.027281677527099743,0.9022698729407331,-0.3172543344449252,0.6826703866115942,-0.7264000011388057,-0.1858458811152307,0.21023628250740187,0.718374371202207,-0.8053963832641785,0.5627684789711385,-0.5898005910136765,0.5958793229982728,0.21374493502878741,0.6428646174470419,-0.8214232596500054,0.03475488442975776,-0.7322736244477964,0.6717095911147479,-0.4356442563118137,0.4346238205421274,-0.7721290001907879,0.8111062542900763,-0.48206718672326904,0.7965646546852999,-0.7121719120611469,0.6684445189136781,-0.4603663162318044,0.2938593191965098,-0.9637010691013986,0.8334340094830143,-0.20440595967253058,0.3858933320084832,-0.9152548518144626,0.5300819382233992,-0.4603418849399191,0.26285250223620926,-0.4337334535532089,0.8678489470341911,-0.7891661680763666,0.12438835635334737,-0.23530019760078455,0.6459701446635553,0.5063160690297722,-0.5063160690297714,0.5566146806009817,-0.556614680600982,0.88469037592619,-0.8846903759261893,-0.3432699644362528,0.34326996443624985,0.2879120823704486,-0.2879120823704487,0.7809822128918137,-0.7809822128918157,0.8425640065308575,-0.8425640065308592,0.8467849156902754,-0.8467849156902811,0.6124438817426484,-0.6124438817426496
TCA(Ser)_1,0.20084834852455796,-0.10301675827899356,0.3855121774508382,0.38551217745083827,-0.3410960950349122,-0.3477732906988229,-0.13580420145986907,-0.13580420145986843,1.0,0.21778864234630618,-0.3012313070166974,-0.2970522825620243,0.1540442083299554,0.15404420832995602,-0.2026811609385424,-0.2274612912552622,0.14878719822925993,-0.09909966408761016,0.40945285684107724,0.40945285684107874,-0.00846336280258239,-0.47409906017451375,-0.41799004429660963,-0.4179900442966102,0.532455010218096,0.20023973110059806,0.23828298208664656,0.23828298208664692,-0.30076834157340043,-0.19211321030137024,0.4603910016757917,0.4603910016757918,-0.22564533509227291,-0.5319669156855614,-0.4423562707456742,-0.4423562707456726,0.3635297465498285,0.4827602759353603,-0.20950734283846248,-0.2095073428385111,0.20950734283839706,-0.7907847830768606,0.7907847830768602,-0.6029351801969169,0.6029351801969167,-0.20681096026574866,0.20681096026575008,-0.024692532368130973,0.024692532368130776,-0.21605320424932664,0.2160532042493399,-0.7882262475190556,0.7882262475190548,-0.6796549862018804,0.6796549862018817,0.5373778551048759,-0.537377855104875,-0.5349106529102021,0.5349106529101765,-0.04842882888643033,-0.7381190731637237,0.5770741233050909,0.5022711200055445,0.7214075914457191,-0.7040544312725154,0.523059531271562,-0.11089476664995977,0.14086134459071833,-0.04817213664962542,-0.354461234088317,-0.7724943216026673,0.2586088914456785,-0.37637727517013825,-0.3949735285921891,-0.4041938656821724,0.5307414261978926,-0.27981044981903985,0.7040260457708233,0.35252713511442546,-0.5570336336357621,-0.5375028519713572,0.42141705124549866,-0.4857333997226981,0.005937158245921534,0.08458770867619733,0.6300933431377802,0.10394756601955658,-0.3967284748898216,-0.2532420282589806,0.7393606197007521,-0.18336106096594124,-0.6824519981710881,0.10779715281983195,0.7526139459489342,-0.6754664638446115,0.24550529392996856,-0.32864912963809145,-0.5839348969381729,0.6418548958036303,-0.7067999258743337,-0.5421371603119809,0.5421371603119816,-0.4106069015626336,0.4106069015626331,-0.11800315439337054,0.11800315439337074,0.43125340116266,-0.4312534011626602,-0.5418034406671309,0.5418034406671324,0.12592804631680327,-0.1259280463168069,0.19686689164337326,-0.19686689164337412,-0.2472325634833687,0.24723256348336187,0.5400308668419691,-0.5400308668419703
TCG(Ser)_1,-0.15390784192304036,-0.08197905651874118,-0.2848919220325501,-0.28489192203255,-0.2845998579163184,0.6529550204975944,-0.8160404383166573,-0.8160404383166573,0.21778864234630618,1.0,0.38885416822483326,0.3872565364240799,0.30000885829810203,0.30000885829810153,0.1554413102077019,0.4766378121586656,-0.28711796152082725,-0.3888792301568377,-0.06362543046817759,-0.06362543046817636,0.026501618722561262,0.06442292223069714,-0.628927096915448,-0.6289270969154482,-0.409436664189713,0.800850494046658,0.6765505413380347,0.6765505413380342,-0.6504067521034321,-0.6705003967850911,0.5177480766116503,0.5177480766116506,-0.3579398589821548,-0.5591454732996118,-0.2070217031016582,-0.20702170310165807,0.08464590855181799,0.28385361502538164,0.280056015318308,0.2800560153179933,-0.280056015318172,-0.4486175145869751,0.44861751458697674,-0.2369431460376358,0.23694314603762695,0.5917428753577448,-0.5917428753577482,0.5012215319998273,-0.5012215319998273,-0.10423497185678816,0.10423497185681502,-0.4530314309162038,0.4530314309162009,-0.4665995435313381,0.46659954353130684,-0.3432241070731403,0.34322410707314027,-0.18091757819347148,0.18091757819346094,-0.6587101858298839,0.23993530936902807,-0.5971705860902449,0.5828397487046922,0.13920859309499228,-0.15713502383777003,-0.5879772278925496,0.4781331374338405,-0.36345126078422285,0.5488969814337264,-0.6368265209297793,-0.08439000706731002,-0.544021752740166,0.6642512930978532,0.32364519117025525,0.6019436396728132,-0.5149067241889492,0.2342351668700665,-0.4343024270911037,0.6349953646693516,-0.6743038533293031,0.476966567884722,-0.6875029930513002,0.5743463748519092,-0.47292713013930004,0.3742699760038234,-0.2925526290684179,0.769748117926009,-0.6084941281157764,0.14753437024562022,-0.3833064839896178,0.7838458316776028,-0.3727079411516984,0.34857994800449105,-0.24681119633107124,0.445944377546916,-0.7141379562091758,0.6052251840747059,-0.016851229153528425,0.1345886198075603,-0.6037173184295147,-0.35634085479924277,0.35634085479924416,-0.34408920811856186,0.3440892081185609,-0.7441387066924666,0.7441387066924671,0.33349964717651,-0.3334996471765102,-0.13323456348759105,0.13323456348759186,-0.582594981154863,0.5825949811548699,-0.6589348930413335,0.6589348930413327,-0.6095514847550884,0.6095514847550959,-0.5524149641250568,0.5524149641250591
AGT(Ser)_1,-0.14407869391488137,-0.249414149025514,0.03216418717066237,0.03216418717066238,-0.12898221407415492,0.37873250688835414,-0.8139269868392781,-0.8139269868392783,-0.3012313070166974,0.38885416822483326,1.0,0.999903761969586,0.20461286588994151,0.2046128658899409,0.1853475488816686,0.3791560405268243,-0.26003938406046306,-0.2689933463848758,-0.07119435241546264,-0.0711943524154638,0.07686167728786132,0.05475310709950512,-0.028485680701856125,-0.028485680701855125,-0.4039898089340979,0.1953295411583257,0.39832155352384035,0.3983215535238401,-0.4416099516007706,-0.3587138574043495,0.12999663951211857,0.12999663951211857,-0.14738968312866318,-0.11880657793104758,-0.42145543426266335,-0.42145543426266496,0.4134885745835135,0.414461010479089,-0.21256964021112057,-0.21256964021122485,0.21256964021115646,-0.1262550809390676,0.12625508093906918,-0.21165303935778587,0.21165303935778104,0.0601204176694789,-0.06012041766948659,-0.07803239220484243,0.07803239220484098,-0.3032905244201917,0.30329052442020116,0.03166760486427918,-0.031667604864280836,0.3658847532013812,-0.36588475320139696,-0.3218465087347486,0.32184650873474646,0.355567108945313,-0.3555671089453142,-0.8141434310667508,0.5383323607723144,-0.7559422160221991,0.460016451164307,-0.07826848128160702,0.0497999617170464,-0.7949333585483542,0.8577224801478934,-0.6009597992993436,0.47578015114845595,-0.28352585792855467,0.015910257835768313,-0.6263878200660532,0.8402224219376998,-0.14598402945833758,0.7651356026118303,-0.7829045664587234,0.555664486324826,-0.5578389857242884,0.5398866133618491,-0.49776340065444324,0.5386257311022173,-0.8025567607301253,0.7830308417736851,-0.6288878069342324,0.3686873299098799,-0.431271148592279,0.8047564254892965,-0.6319716493287263,0.2770530687080524,-0.5362829409544587,0.8234139616477956,-0.2652993041483616,0.37916770080400075,-0.46006105385152085,0.5384970443508578,-0.8259090988720723,0.818216930724404,0.03189028757390233,0.02427803008716848,-0.25958600708680923,-0.2905794744520799,0.29057947445207755,-0.4170103275823914,0.4170103275823926,-0.7046246303134707,0.704624630313469,0.10962282312620678,-0.10962282312620245,-0.13537108677817283,0.13537108677817195,-0.7528184392157389,0.7528184392157382,-0.8124195457602076,0.8124195457602107,-0.7010545880911325,0.7010545880911377,-0.6729585262490356,0.6729585262490362
AGC(Ser)_1,-0.14185310145035415,-0.24991353786458192,0.037227452740368885,0.03722745274036893,-0.1325917533463484,0.3733821693063997,-0.8141156413465465,-0.8141156413465463,-0.2970522825620243,0.3872565364240799,0.999903761969586,1.0,0.2047913250205672,0.20479132502056657,0.18233134973476436,0.37608145738459603,-0.25731466124650954,-0.26876651746691893,-0.065995655826016,-0.06599565582601713,0.07592794225316948,0.04903701032741059,-0.026142078376812764,-0.02614207837681177,-0.40034074318239504,0.19146907059045276,0.39961047401633537,0.3996104740163351,-0.4422895676678532,-0.3603349327062876,0.13192649166433953,0.13192649166433956,-0.1480538089708891,-0.12114218063720036,-0.42346364084046184,-0.42346364084046345,0.41564028464818287,0.4163129322503196,-0.22241046054542404,-0.22241046054552874,0.22241046054545996,-0.1301968971005778,0.1301968971005794,-0.21492699284697098,0.2149269928469659,0.06169093342369624,-0.06169093342370413,-0.08294006333023647,0.08294006333023494,-0.3061331497917677,0.30613314979177714,0.027605943675151342,-0.02760594367515298,0.3623281094292913,-0.36232810942930677,-0.32027051453370375,0.3202705145337015,0.34632664191122264,-0.3463266419112238,-0.8164124459273087,0.5352179186088035,-0.7521762658614302,0.4630770020332139,-0.07349528281583355,0.04538831155224056,-0.7929747311147114,0.8600850328072875,-0.6002379599085829,0.4743553809928867,-0.284757211267657,0.011037336656635886,-0.6268534448543204,0.8367771827886246,-0.15151253077478757,0.7623477169371833,-0.7802413817673585,0.5575774806508376,-0.5529112966506572,0.5421121507775317,-0.5017707931200823,0.5350966678682513,-0.7996493564958943,0.7812062627273335,-0.6291738752563387,0.3679019647105978,-0.4258551576756024,0.8063443101926732,-0.63541267942745,0.27406116656053037,-0.5307602614964981,0.8222141114887889,-0.26961602195857876,0.3785182306880906,-0.45611077193027405,0.5335863276797292,-0.8248755457311483,0.8178017513677902,0.028579915929813467,0.02764017697533142,-0.26220289481914455,-0.29427014724107275,0.2942701472410703,-0.42013781305084585,0.420137813050847,-0.7052347848413562,0.7052347848413544,0.11167085839348773,-0.1116708583934833,-0.13852244758812418,0.13852244758812332,-0.7545061605965276,0.7545061605965269,-0.8115533508362822,0.8115533508362855,-0.7047818128977263,0.7047818128977313,-0.671134786913188,0.6711347869131883
CGT(Arg)_1,0.5109720200045403,0.15768388601618125,-0.36164584878503914,-0.36164584878503897,-0.4720824058494131,2.6794617597402033e-05,-0.32666242294282494,-0.3266624229428251,0.1540442083299554,0.30000885829810203,0.20461286588994151,0.2047913250205672,1.0,0.9999999999999999,0.8348993498516631,0.5837740666430191,-0.874185401459688,-0.9728344408032792,-0.017673371110537017,-0.01767337111053607,-0.36779594703927715,0.15564509738443202,-0.1566605330669613,-0.156660533066961,-0.029868564118977665,0.1697248816038221,0.7837768475122768,0.783776847512277,-0.8187325946618931,-0.7366910856563076,-0.16865264601684818,-0.16865264601684787,0.2090247224207811,0.147452826859456,0.09577867498137332,0.09577867498137513,-0.2075442324454119,-0.017232403563873157,-0.4731260242086564,-0.47312602420879135,0.47312602420870764,-0.16255404688968125,0.1625540468896792,-0.04979210761856319,0.04979210761855514,0.16337337592000215,-0.16337337591999931,0.06856630152929662,-0.06856630152929746,-0.45456833186524126,0.4545683318652677,-0.6279458286497331,0.6279458286497337,0.10466967428083566,-0.10466967428085062,-0.2636494764641856,0.2636494764641839,-0.02871009683059269,0.02871009683058372,-0.4294893006696758,-0.2133580591146623,-0.19626898229503606,0.5406812433678674,0.2781032264818364,-0.24236495435525288,-0.09043040769887206,0.1989839406100945,-0.22765744877173566,0.3203982081486654,-0.6655020947081235,-0.17158810591580054,-0.1297619581159019,0.18154252111770866,0.29510091581351044,0.5409449942205937,-0.23978771103987895,-0.07283074099587518,-0.22768587568636794,0.20298411753677856,-0.5697369004064046,0.4842535306740569,-0.3659314068624498,0.20903793278394078,-0.1813965789396218,0.25508114908308704,-0.3848958048940374,0.4404119279136642,-0.16907655859335194,0.07246436132829927,-0.257501135056663,0.37083608175957045,-0.2221313633400757,0.3629673974666755,-0.10097945037680572,-0.012592665849791658,-0.2524032852896305,0.35432311416678636,-0.3999888676245424,0.45646237975325854,-0.5685777186605827,-0.5886238114642862,0.588623811464284,-0.37645038082274423,0.37645038082274446,-0.37393706691937817,0.37393706691937983,0.17283829795975478,-0.1728382979597492,-0.3836329392424105,0.38363293924240977,-0.4493529960810899,0.4493529960810886,-0.28656032589221775,0.2865603258922115,-0.6428437820015387,0.6428437820015346,-0.09189499484967607,0.09189499484967502
CGC(Arg)_1,0.5109720200045399,0.1576838860161802,-0.3616458487850383,-0.361645848785038,-0.472082405849412,2.6794617597296957e-05,-0.3266624229428245,-0.32666242294282455,0.15404420832995602,0.30000885829810153,0.2046128658899409,0.20479132502056657,0.9999999999999999,1.0,0.8348993498516635,0.5837740666430195,-0.874185401459688,-0.9728344408032795,-0.017673371110537062,-0.01767337111053607,-0.3677959470392771,0.155645097384432,-0.15666053306696218,-0.15666053306696198,-0.029868564118976322,0.16972488160382246,0.7837768475122764,0.7837768475122766,-0.818732594661893,-0.7366910856563071,-0.16865264601684743,-0.16865264601684718,0.20902472242078032,0.14745282685945538,0.0957786749813734,0.09577867498137527,-0.20754423244541217,-0.017232403563873185,-0.4731260242086568,-0.47312602420879174,0.47312602420870814,-0.16255404688968178,0.16255404688967973,-0.049792107618563966,0.049792107618555924,0.16337337592000142,-0.16337337591999868,0.06856630152929724,-0.06856630152929805,-0.45456833186524165,0.4545683318652681,-0.6279458286497333,0.6279458286497339,0.10466967428083544,-0.10466967428085042,-0.263649476464185,0.26364947646418346,-0.028710096830592776,0.028710096830583794,-0.4294893006696749,-0.21335805911466368,-0.19626898229503503,0.5406812433678679,0.2781032264818376,-0.24236495435525407,-0.09043040769887094,0.1989839406100935,-0.22765744877173627,0.3203982081486659,-0.6655020947081237,-0.17158810591580126,-0.12976195811590052,0.18154252111770758,0.2951009158135105,0.540944994220593,-0.23978771103987778,-0.07283074099587654,-0.2276858756863671,0.202984117536779,-0.5697369004064047,0.48425353067405585,-0.3659314068624492,0.20903793278393956,-0.1813965789396223,0.25508114908308793,-0.38489580489403724,0.44041192791366357,-0.16907655859335216,0.0724643613283,-0.25750113505666217,0.3708360817595696,-0.2221313633400766,0.3629673974666763,-0.10097945037680446,-0.012592665849792982,-0.2524032852896295,0.35432311416678536,-0.39998886762454383,0.45646237975325993,-0.5685777186605834,-0.5886238114642871,0.5886238114642851,-0.37645038082274535,0.3764503808227456,-0.37393706691937834,0.37393706691938,0.1728382979597558,-0.1728382979597502,-0.38363293924241176,0.383632939242411,-0.44935299608108886,0.4493529960810877,-0.2865603258922177,0.28656032589221136,-0.6428437820015388,0.6428437820015347,-0.09189499484967471,0.0918949948496736
CGA(Arg)_1,0.21814468689437755,-0.02314692880872715,-0.37312613275798967,-0.3731261327579895,-0.022327576730569777,0.23087899363040645,-0.15676854865915515,-0.15676854865915552,-0.2026811609385424,0.1554413102077019,0.1853475488816686,0.18233134973476436,0.8348993498516631,0.8348993498516635,1.0,0.8289308455976522,-0.9863452288699976,-0.8889449289832857,-0.4436803376189233,-0.4436803376189229,-0.11283789310027578,0.5585296686011938,-0.06712046265571041,-0.06712046265570978,-0.26790508834742693,0.17799012484772883,0.5965621701646534,0.5965621701646528,-0.614792079878404,-0.5658686691101098,-0.27516146230286354,-0.27516146230286326,0.1289385104169329,0.32016273657176636,0.46149804915669107,0.46149804915669246,-0.5314331502515112,-0.4005414870298209,-0.26342259000503365,-0.2634225900051227,0.263422590005062,0.28513065006795635,-0.28513065006795635,0.3244930192705554,-0.3244930192705585,0.26135875224188065,-0.26135875224187033,0.08866706662323476,-0.08866706662323513,-0.3723729125563214,0.3723729125563339,-0.21437756143481201,0.21437756143481312,0.35891844605006445,-0.35891844605007633,-0.59549354213302,0.5954935421330192,0.26840601620178905,-0.26840601620179116,-0.1632712752003328,-0.07599715100729997,-0.3414155636058986,0.31697726767582546,0.09334393807887979,-0.04651363518379844,-0.15282290933052148,-0.04124527945448082,-0.43030929416478475,0.4811604881549247,-0.5727235693472993,0.243720243202503,0.06396015872738163,0.18713859325298443,0.6303406572062219,0.5882335812797326,-0.27904311990113617,-0.2771332113276143,-0.5074380044582049,0.07585069616718844,-0.210868956406511,0.5944358127052285,-0.45157967156362705,0.19816138502321928,-0.27914315209582735,0.4107058099099118,-0.7549923016871214,0.20654691337583708,0.062246045386740924,0.4363806582642401,-0.5315820322827558,0.2736129106109447,0.03525535024187004,0.501009577504751,-0.2768050742263359,0.14263621271777283,-0.13918669849174833,0.2530993061394828,-0.32895332447432796,0.33266563896936385,-0.25284146755275944,-0.42554370645808637,0.42554370645808665,-0.2928696858308644,0.2928696858308649,-0.2963554585330452,0.29635545853304773,0.13947729217272187,-0.13947729217272,-0.3020227643678287,0.3020227643678267,-0.23663689375612315,0.23663689375612376,-0.35580206053464813,0.3558020605346414,-0.4273025604415483,0.427302560441549,-0.1226944289500164,0.12269442895001552
CGG(Arg)_1,-0.2571216139847484,-0.3837060058251899,-0.17163677143351294,-0.17163677143351275,0.22567196952205643,0.6541208510054396,-0.4444813690787733,-0.4444813690787738,-0.2274612912552622,0.4766378121586656,0.3791560405268243,0.37608145738459603,0.5837740666430191,0.5837740666430195,0.8289308455976522,1.0,-0.8606904959906186,-0.744624097985941,-0.5767498953980039,-0.5767498953980041,0.24015384229011758,0.5840073346623775,-0.38060054386651,-0.3806005438665092,-0.4205539902174659,0.5559404138875603,0.607436069731352,0.6074360697313502,-0.5860778402979124,-0.6007049456748493,0.165125743929015,0.1651257439290154,-0.3279903233432094,-0.0980858705215885,0.3644905439342332,0.3644905439342338,-0.4313661792480592,-0.30845944783078655,0.019948835638230706,0.019948835638093736,-0.019948835638194013,0.17402004791003953,-0.17402004791003625,0.23802699358335927,-0.23802699358336826,0.45564210713409065,-0.4556421071340794,0.2380028824324976,-0.23800288243249668,-0.42572776994720346,0.4257277699472153,-0.0974247036047358,0.09742470360473497,0.11020419780531188,-0.11020419780532528,-0.7929205159614946,0.7929205159614943,0.23264378031338062,-0.23264378031338098,-0.26267717382319855,0.055172045823149725,-0.5849729530920964,0.5117105846108523,0.20056211569429483,-0.18244191514366723,-0.3936597713456228,0.06413161563375895,-0.7649372182090771,0.8425717154055123,-0.7596125742718041,0.24766768419252594,-0.008064032965617463,0.4179914061621989,0.7281090384223919,0.6813948660344529,-0.39252355037000836,-0.28901446844718814,-0.673317629641506,0.461701431090166,-0.3352708017439713,0.5910031541593674,-0.705347046453019,0.35252946270630897,-0.6699632346382681,0.7425040459050458,-0.8791403367806299,0.4180101749880418,-0.27807610656663595,0.7484261942568202,-0.6381978504929007,0.5021349495935408,-0.18570056273833685,0.7761158079595862,-0.2723269428332273,0.29435782001061905,-0.3554703833317072,0.36216752186060763,-0.36473617400085295,0.3802433585656194,-0.33759381559415996,-0.523151541213132,0.5231515412131341,-0.5213944194582988,0.5213944194582991,-0.6517510254546441,0.6517510254546464,0.4486326686182169,-0.4486326686182176,-0.4159616723442858,0.4159616723442842,-0.25894203342239386,0.2589420334223985,-0.7227163012707228,0.722716301270718,-0.5364211431695967,0.5364211431696023,-0.28199906066510266,0.2819990606651042
